1,2,5,8,9,12,13,15,16,17,18,21,22,25,26,28
0,5,7,8,11,12,13,14,15,18,20,22,24,25,26,29
0,3,6,7,8,9,10,11,12,14,16,19,21,22,24,25,26,27,28,29
2,17,24,26,27,29
5,6,9,10,11,12,13,14,15,16,18,19,20,21,23,24,25,27,28,29
0,1,4,6,11,13,15,17,18,20,24,25
2,4,5,7,11,12,13,15,18,19,20,21,22,28
1,2,6,26
0,1,2,28
0,2,4,10,13,16,17,18,20,21,24,25,28,29
2,4,9,12,14,16
1,2,4,5,6,12,13,28
0,1,2,4,6,10,11,13,14,15,18,19,20,21,22,26,27,29
0,1,4,5,6,9,11,12,16,18,21,22,23,24,25,26,27,29
1,2,4,10,12,15,17,18,19,20,21,23,24,25,27,28
0,1,4,5,6,12,14,17,20,21,22,23
0,2,4,9,10,13,17,18,19,20,21,22,23,24,25,27,28,29
0,3,5,9,14,15,16,19,20,21,22,23,26,28
0,1,4,5,6,9,12,13,14,16,20,21,24,25,26,27,28,29
2,4,6,12,14,16,17,20,21,22,23,25,26,27,28,29
1,4,5,6,9,12,14,15,16,17,18,19,21,22,23,24,25,26,27,28
0,2,4,6,9,12,13,14,15,16,17,18,19,20,22,23,24,25,26,29
0,1,2,6,12,13,15,16,17,19,20,21,23,24,27,29
4,13,14,15,16,17,19,20,21,22,24,25,26,27,28,29
1,2,3,4,5,9,13,14,16,18,20,21,22,23,25,26,27,29
0,1,2,4,5,9,13,14,16,18,19,20,21,23,24,28
0,1,2,3,7,12,13,17,18,19,20,21,23,24,27,29
2,3,4,12,13,14,16,18,19,20,22,23,24,26,28,29
0,2,4,6,8,9,11,14,16,17,18,19,20,23,25,27
1,2,3,4,9,12,13,16,18,19,21,22,23,24,26,27
