2,6,16,17
2,3,4,6,7,8,9,10,11,12,13,14,15,17,19,20,21,22,23,24
0,1,3,4,5,6,7,8,11,12,14,16,17,18,19,24
1,2,13,21
1,2,8,20
2,6,8,9,10,11,13,14,15,16,17,19,23,24
0,1,2,5,7,9,10,11,15,16,17,18,23,24
1,2,6,9,13,21,22,24
1,2,4,5,9,10,13,14,15,17,18,19,22,24
1,5,6,7,8,10,11,12,13,14,15,17,18,19,21,22,23,24
1,5,6,8,9,14,15,18,19,20,21,22,23,24
1,2,5,6,9,12,15,22
1,2,9,11,14,15,16,17,18,19,21,22,23,24
1,3,5,7,8,9,18,19,20,21
1,2,5,8,9,10,12,16,17,19,20,21,22,24
1,5,6,8,9,10,11,12,16,17,19,20,21,22,23,24
0,2,5,6,12,14,15,19,22,24
0,1,2,5,6,8,9,12,14,15,19,20,22,24
2,6,8,9,10,12,13,20
1,2,5,8,9,10,12,13,14,15,16,17,21,22,23,24
1,4,10,13,14,15,17,18,21,22,23,24
1,3,7,9,10,12,13,14,15,19,20,24
1,7,8,9,10,11,12,14,15,16,17,19,20,23
1,5,6,9,10,12,15,19,20,22
1,2,5,6,7,8,9,10,12,14,15,16,17,19,20,21
