2,3,4,5,6,7,8,9,11,12,13,14,16,19,20,21,23,25,26,27,29,31,32,33,35,36,37,38
3,6,7,8,9,10,11,12,13,19,22,23,29,30,31,33,37,39
0,3,21,24,25,26,31,34
0,1,2,4,5,7,8,10,11,12,13,14,15,18,20,21,24,27,28,29,30,33,34,35,38,39
0,3,7,9,11,12,13,14,15,16,17,18,19,21,22,24,25,26,29,30,31,32,34,35,38,39
0,3,9,10,12,13,14,15,16,17,18,19,20,21,22,25,26,27,28,29,30,31,32,33,35,36,38,39
0,1,11,12,14,16,18,20,22,25,26,30,31,35,38,39
0,1,3,4,9,17,33,35
0,1,3,10,12,13,19,24,26,27,28,37,38,39
0,1,4,5,7,10,11,12,13,14,16,18,19,20,21,22,23,24,25,26,27,28,29,30,32,33,34,35,36,37,38,39
1,3,5,8,9,17
0,1,3,4,6,9,21,37
0,1,3,4,5,6,8,9,13,14,15,16,17,19,20,21,22,23,24,25,26,27,28,29,30,32,33,34,35,37,38,39
0,1,3,4,5,8,9,12,14,15,16,17,18,19,21,22,26,29,34,37,38,39
0,3,4,5,6,9,12,13,17,19,20,22,24,25,26,27,28,29,31,33,34,36,38,39
3,4,5,12,13,20,27,32
0,4,5,6,9,12,13,18,19,20,23,24,26,27,28,30,32,33,37,38
4,5,7,10,12,13,14,18,21,24,27,30,32,33,34,35
3,4,5,6,9,13,16,17,20,36
0,1,4,5,8,9,12,13,14,16,26,38
0,3,5,6,9,12,14,15,16,18,21,24,26,27,28,29,30,31,32,33,34,36,37,39
0,2,3,4,5,9,11,12,13,17,20,23
1,4,5,6,9,12,13,14,23,28,29,30,32,33,34,35,36,37,38,39
0,1,9,12,16,21,22,24,25,27,28,29,30,31,33,34,36,37,38,39
2,3,4,8,9,12,14,16,17,20,23,27
0,2,4,5,6,9,12,14,23,27,29,30,31,32,33,38
0,2,4,5,6,8,9,12,13,14,16,19,20,27,29,31,32,33,34,35,36,37,38,39
0,3,5,8,9,12,14,15,16,17,20,23,24,25,26,30,31,36
3,5,8,9,12,14,16,20,22,23,29,32,33,34,36,39
0,1,3,4,5,9,12,13,14,20,22,23,25,26,28,37
1,3,4,5,6,9,12,16,17,20,22,23,25,27,33,35,37,38
0,1,2,4,5,6,14,20,23,25,26,27,32,34,35,37,38,39
0,4,5,9,12,15,16,17,20,22,25,26,28,31,34,36,37,39
0,1,3,5,7,9,12,14,16,17,20,22,23,25,26,28,30,36,37,39
2,3,4,9,12,13,14,17,20,22,23,26,28,31,32,39
0,3,4,5,6,7,9,12,17,22,26,30,31,38
0,5,9,14,18,20,22,23,26,27,28,32,33,37
0,1,8,9,11,12,13,16,20,22,23,26,29,30,31,32,33,36,38,39
0,3,4,5,6,8,9,12,13,14,16,19,22,23,25,26,30,31,35,37
1,3,4,5,6,8,9,12,13,14,20,22,23,26,28,31,32,33,34,37
